0.0
0.0
0.0
0.0
0.0
0.0
0.0
0.0
0.0
0.0
0.0
50.44191527495623
50.51619530969326
50.55165136855095
50.5753335764937
50.6424940628894
50.77693814137652
50.82670101539837
50.86697938845371
50.945998603908095
51.18947923465991
51.41337481763746
51.46502011683421
51.48778275929155
51.49610624329914
51.640523283228674
52.130504095206504
52.59958399436974
52.600189153804905
52.751492323105566
52.73262942352652
0.0
0.0
49.85976499504049
49.09525409417354
48.25278371189742
47.801868720013786
47.399677325808426
46.907126559436605
46.699112079462495
46.57135836001508
46.50655598138375
46.643059424922455
46.84496298775023
46.947046470282615
47.02891063048007
47.035579067091476
47.00415255381215
47.11752066748747
47.26837167568732
47.418933446285344
47.51582845724478
47.52359697263492
47.489766541084464
47.4561590910847
47.50644866512144
47.462533432110675
47.40883242823746
47.233307507628815
46.93996269123711
46.82133400738388
46.46479045144744
0.0
0.0
0.0
0.0
0.0
0.0
0.0
0.0
0.0
0.0
0.0
0.0
48.87326718318517
48.67437740069002
48.76061223630835
48.68238813879515
48.43509941371089
48.0820116301512
47.86149724025387
47.797356049702486
47.86272218023319
47.874166244185716
47.818540889952764
47.80406559371294
47.763217495776956
47.761833612068855
47.7401208361643
47.8149995843995
47.82972922423749
47.750112777704274
47.66017889259416
47.69950637499635
47.726544619600574
47.60273444666905
47.51906136502646
47.357569315774455
47.15987467419454
47.038731635396815
47.043374983095255
47.14410965013807
47.22649738435082
47.278037644328236
47.37957124924048
47.439398269329885
47.43261382809077
47.48661839125468
47.648942839279805
47.615284296057325
47.51583691555791
47.3969420194062
47.40571652389633
47.393833542449336
47.361104681568136
47.30981113795111
47.20795091849895
47.10011796212427
47.180058983698125
47.235464273660696
47.11655815604791
47.184036451523546
47.13775812350368
47.26323469425316
47.333079407740435
47.31422419870536
47.3086618431196
47.33108415251556
47.43501309687824
47.49471413132524
47.561220498108405
47.807898212497676
48.310731986135075
49.12325248390579
0.0
0.0
0.0
0.0
0.0
0.0
0.0
0.0
0.0
0.0
0.0
0.0
0.0
50.90559725988533
50.531532213450745
50.180968292519644
49.74634407398195
49.539216887552094
49.43813569989386
49.44085281087052
49.48892745100693
49.59223069481675
49.684132690628786
49.82390943005504
49.97577952479868
50.12243269071293
50.24755233441112
50.384611312376705
50.445334065497725
50.58784240571562
50.7436102687641
50.806315680781026
50.85055814766525
50.86107003705627
50.86717304560649
50.85263051008958
50.803442175665396
50.69150779940338
50.502513716264055
50.298422084388925
50.07317892085774
49.7792555172895
49.54422252261981
49.25252712356227
49.15993918590865
49.04806083306302
48.843773207679384
48.52093201905068
48.18769759031745
47.96179286526815
47.80685001370645
47.76033605820081
47.684941155644594
47.4719454773767
47.43268105779563
47.4796448545324
47.50695517221154
47.54417890166068
47.62288418816185
47.70744197426485
47.73166039193085
47.839457673609196
47.9086111651145
47.941432371308565
47.92568560305793
47.836633747380404
47.70701819152933
47.698661201258
47.650878007454445
47.66647888643415
47.694793927751945
47.71562109807992
47.70688029787491
47.7067075898182
47.70982925986823
47.70247394370027
47.73797815357733
47.70005223964503
47.550203746184515
47.56420625098514
47.56228583038278
47.66540446664532
47.700366835423694
47.716024977689656
47.70243332397805
47.658987048942016
47.63714019713118
47.867519011294554
47.875471015159135
47.72741028864307
47.53376531976215
47.47157551586125
47.49415523846343
47.45340497144291
47.46264273320421
47.44907356534374
47.43161227337127
47.4560250234769
47.475393048441695
47.44783756174803
47.36521593331841
47.35211223937166
47.36119168162635
47.40901803378344
47.41516532989292
47.44432170053051
47.50663172308839
47.50725631581241
47.49212377850304
47.531639642270484
47.576252190480794
47.64735166357896
47.59658967039672
47.519488050898744
47.43320604986965
47.46178492323077
47.44788606153803
47.4222356779845
47.54514279494225
47.71036335782107
47.733758192017405
47.74236247322173
47.8346374452641
47.878314455195145
47.888351852177216
47.771497707537726
47.70719663363772
47.69178072925163
47.804823218583145
47.93440607032656
47.871124737845946
47.74504466701489
47.73729447110783
47.692103056307175
47.564705126758895
47.56999352458307
47.68160526771197
47.735012877271046
47.70174001211067
47.657111655536085
47.686323609085406
47.72129115301638
47.80026400968908
47.84530317591312
47.857745910274005
47.8020890300424
47.78347509413708
47.83358012399954
47.82877597779806
47.833946574766706
47.7913322510807
47.735576911820345
47.72161335513381
47.66707696075326
47.6533869973276
47.90415751356119
48.618382490919934
0.0
0.0
0.0
0.0
0.0
0.0
0.0
0.0
0.0
0.0
0.0
0.0
51.075574128321186
51.20691833822885
51.19110110073778
51.132761415785225
51.05409540500604
51.04501574370826
51.083712037152445
51.13028119734001
51.13805750020743
51.16727584459688
51.19551016601367
51.21329338331381
51.22072502639327
51.20448136591588
51.18710738654531
51.195660075250956
51.21827542958854
51.204715166645485
51.13501806220046
51.103798139130035
51.12923423142627
51.09815806657513
51.03749167097767
51.00885275623476
51.19574908983365
51.793442617783825
51.30002088860503
0.0
0.0
0.0
0.0
0.0
0.0
0.0
0.0
0.0
0.0
0.0
0.0
0.0
51.71504418160661
51.57660948905558
51.5527428206454
51.531488990812676
51.475771880409454
51.43470302657933
51.46130587352933
51.40057535717393
51.33247465958793
51.28267900313544
51.24233822849329
51.2618368714657
51.2056025661085
51.14932291186033
51.18781330693565
51.19539087358978
51.202779898036944
51.21251957781192
51.21712269714309
51.187526124460874
51.15862071639574
51.16444774835506
51.1660392751716
51.14225138220439
51.141975798278544
51.171417028526406
51.16763934077686
51.1930144757482
51.15740986002343
51.03366287256382
50.96542722770239
50.990373880989054
51.17161293785071
51.330829690974674
51.439793523606994
51.564555648724095
51.694424733603924
51.831019795982904
52.04946292019309
52.261616284373346
52.37358042790485
52.555349953255345
52.80319314057122
52.84758850929158
52.72049119969522
52.6690481022788
52.71635125218525
52.75964910531566
52.86266363271592
52.91436474014136
52.92487095739888
52.94552376232198
52.99384546011129
53.037829521443214
53.03736798890455
53.01479166707864
53.00389691664234
52.988686844252854
52.995890213875946
52.989407101808055
52.97180894702022
52.93135470916238
52.88979946232739
52.86773339800534
52.82593199162893
52.79980582476762
52.73918422876551
52.58408351406783
52.32809569618254
51.940493399635415
0.0
0.0
0.0
0.0
0.0
0.0
0.0
0.0
0.0
0.0
0.0
0.0
51.05927369298708
50.82835036472586
50.702737103946106
50.624114165092095
50.574841330844016
50.46732146133187
50.38092455369764
50.36182208317885
50.35218825178342
50.345032470061064
50.27217872769927
50.27374324491906
50.33750910567029
50.3872499201827
50.42774689843819
50.50862981860268
50.637620320919766
50.74380589910091
50.75709490911758
50.67211521768826
50.57951011090613
50.58662857941951
50.56569890783655
50.59326366606983
50.59495098675609
50.61112833515051
50.59459687183544
50.56921548237004
50.52382782552142
50.52950260242549
50.50670481870412
50.485397270333586
50.43858768263489
50.46467341858016
50.875116474694394
51.47963649484622
50.800040581761735
50.46706859441235
0.0
0.0
0.0
0.0
0.0
0.0
0.0
0.0
0.0
0.0
0.0
48.56536376642866
48.30649225215165
47.917405437396084
47.78418847129602
47.6561335811209
47.64347946236181
47.700299612149344
47.77266516208434
47.85725626927335
48.10330430091638
48.283743057069515
48.32381252367862
48.39773349438738
48.387441821454125
48.3958633359078
48.50038614468521
48.618146116351724
48.60894820671706
48.64646323889893
48.71626218306888
48.68581979568728
48.69784039361012
48.73213968248649
48.74127732865704
48.82893304625202
48.9549450706
49.10337443307303
49.22047933656246
49.33454296832113
49.58006162801954
50.066830403160594
50.629864406389814
51.17386455679504
51.47011415072184
51.46359391409746
51.392756265087556
0.0
0.0
48.910484003071154
48.75964144188742
48.60119599295725
48.477509239280714
48.47616482997562
48.47517071233786
48.547045064167506
48.64007581137554
48.74588139942571
48.96670056435931
49.1219721298624
49.28175353126005
49.324339794236415
49.24265036031987
49.165600729667304
48.99286191130124
48.98028308101307
50.059068932595046
51.01339184972521
50.79497292021482
50.68241486769628
0.0
0.0
0.0
0.0
0.0
0.0
0.0
0.0
0.0
0.0
0.0
0.0
0.0
0.0
0.0
0.0
0.0
0.0
0.0
0.0
0.0
0.0
0.0
0.0
0.0
0.0
0.0
0.0
0.0
0.0
0.0
0.0
0.0
0.0
0.0
0.0
0.0
0.0
0.0
0.0
0.0
0.0
0.0
0.0
0.0
0.0
0.0
0.0
0.0
0.0
0.0
0.0
0.0
0.0
0.0
0.0
0.0
0.0
0.0
0.0
0.0
0.0
0.0
0.0
0.0
0.0
0.0
0.0
0.0
0.0
0.0
0.0
0.0
0.0
0.0
0.0
0.0
0.0
0.0
0.0
0.0
0.0
0.0
0.0
0.0
0.0
0.0
0.0
0.0
0.0
0.0
0.0
0.0
0.0
0.0
0.0
0.0
0.0
0.0
0.0
0.0
0.0
0.0
0.0
0.0
0.0
0.0
50.75801481034682
50.755444703041285
50.75435179871586
50.43153048561538
50.38919734030692
50.429210223468225
50.4673125173353
50.44221123267741
50.47426246081708
50.468829705051654
50.48501989662461
50.52506486930581
50.54654502083376
50.63730094624994
50.64764329890981
50.582381492262684
50.56546587320227
50.59943571596807
50.66403785037124
50.64908268155033
50.65263518535526
50.6746372955028
50.727220721142814
50.68851840406329
50.62749953881044
50.58268863157162
50.5406773076452
50.54094986347546
50.54382074307941
50.433795626064025
50.36679282106765
50.31445043321369
50.2711779214188
50.26142753281252
50.26944948163157
50.28221726348035
50.41286232688661
50.75039578050166
51.65337335112997
52.04775741047811
51.988328560044444
52.03879959181138
52.20758346119819
52.29574465761116
52.446711054720346
52.656013410449255
0.0
0.0
0.0
0.0
0.0
47.44097408156509
47.02407717427014
46.88421633564811
46.86974268071513
46.35883793283563
46.31383565044659
45.97862377770116
45.874196329338126
45.92311490960255
45.98641446954068
45.98806158112588
46.03444764476667
45.91937861753592
46.14025340686146
0.0
0.0
0.0
0.0
0.0
0.0
0.0
0.0
0.0
0.0
0.0
0.0
0.0
47.03628339902332
46.87759592343294
46.95207675765813
46.58765838591451
46.718805436530445
46.600659223682044
46.37457097660044
46.56636253858343
46.30715673829329
46.22769390495458
46.07120871806461
45.754852258654296
0.0
0.0
0.0
0.0
0.0
0.0
0.0
0.0
0.0
0.0
0.0
46.06001980437816
46.58804616672795
46.28170785659961
46.36489135507721
46.45088307169013
46.42700511432135
46.47934370116076
46.431094793310145
46.32393325930129
46.336482428588916
46.27870830396903
46.35758261635493
46.36580301723063
46.274410336019834
46.04414142748985
45.980298583029324
45.99832372100404
46.02100775884441
46.169186107200716
46.21015257554347
46.20339405996201
46.14526040893218
46.104822673509034
46.12470008762683
46.270622155461425
46.23945012285178
46.22376472491217
46.175211686329
46.14080376606684
46.075637109515306
45.83087932091873
45.7279432851705
45.67198319903849
45.62233036545048
45.584442807019485
45.81048900099988
45.914673546721225
46.04699875811897
46.14851863498011
46.13062159113136
46.17114201860227
46.170569481664806
46.14484283387679
46.23603541356775
46.44660484143122
46.5154989138055
46.48203244802649
46.4213221216619
46.37198932412325
46.3847958783943
46.297307350404054
46.31765310084968
46.24653641861381
46.06903038225007
46.00558955349527
46.01368432435638
45.92899874571543
45.823654706078884
45.666094178194726
45.62522092131347
45.504389144807774
45.447827964469255
45.574871266065784
45.69441078284923
45.69405159384055
45.7782437096877
45.870759548024466
45.97545809992535
46.08837087380395
46.1227278799811
46.33461422754802
46.35287243105807
46.26734762905859
46.227224625120314
46.16667935996798
46.10564819990097
45.951225496533596
45.8979564248893
46.00219227666121
45.996782018077575
46.09965372682225
46.33649528002442
47.044749846033156
47.74842613351706
48.624296976164246
0.0
0.0
0.0
0.0
0.0
0.0
0.0
0.0
0.0
0.0
0.0
0.0
0.0
0.0
0.0
0.0
0.0
0.0
50.229361020714954
49.94703351221986
49.69423794176652
49.64738277774111
49.62489099931238
49.56791912338761
49.57722825941296
49.59026430444037
49.68179630557954
49.78729824382833
49.888657525841346
49.979934471634756
50.07714992375797
50.19325577163093
50.34131775652694
50.46361012464584
50.52514596550839
50.5640732097469
50.592109956791475
50.58634376854729
50.51870399648867
50.4413851724339
50.324302416397096
50.20619601450574
50.08357114678953
49.98334996943271
49.8562955966225
49.70670848900795
49.477253570992104
49.20641963826951
48.878028786700945
48.39655237080535
48.066573869797764
47.67244031158122
47.231526727499094
47.146477681008435
47.09195954803066
47.02623163634993
46.957203464859965
46.85162123576679
46.70218843013287
46.558551114044654
46.369113458103115
46.20813810789215
46.11734098522822
45.92488439113564
45.73353518121691
45.539223776597034
45.60695636076731
45.74257338541993
45.833769574221776
45.92164975806975
45.895846950550705
45.936266151075294
45.94866461820534
45.96237157967749
46.06503646383842
46.0440138567332
46.00237557186164
46.036865434171936
45.98948098158186
45.8189917657363
45.9115919234024
45.98027384896777
45.909670180210064
45.920462727526946
45.95842748802055
46.017038921294414
46.12142465175625
46.136847853987774
46.06284738001676
45.98673543277241
45.92381828526005
45.893365558702484
45.961762192032936
45.9502302815947
45.97943028933051
46.014030356904804
46.122601070961196
46.09242143679765
46.102976528444685
46.02546765007521
45.997686230851045
46.01935461471804
45.895146198200024
45.72456158101476
45.749553334641035
45.86674606935691
45.725374582268884
45.554706009089664
45.557083732715924
45.68834246285816
45.759093172827775
45.82272963002016
45.815111955027234
45.98169294736457
46.04517664498874
46.044148538462636
46.10219689267423
46.1647655136099
46.193953158842895
46.25018651385118
46.258758249586485
46.15607304564597
46.06301766332484
46.000052605311296
45.900347308439315
45.759405484968966
45.718832963401326
45.83749705321152
46.00838070804363
46.11298968358038
46.05963895264566
46.03496446250281
46.08336833874969
45.717447857217095
45.52639275775069
45.686400469889826
45.64587687889993
45.577444706345524
45.58321231885914
45.659039799084326
45.772449890459754
45.77466656249467
45.83823661239035
45.90729445978323
45.98897935406272
46.04835137811953
45.9530422420103
45.90507375206222
45.96012639946599
45.83420138212888
45.744874030252205
45.59662025664347
45.59733124456204
45.59618105591931
45.5972769289266
45.724711650989434
45.63789553108052
45.69951768918331
45.76675807414111
45.84988188663012
45.87085258939573
45.90370716039257
45.88068862596717
45.94919435362625
46.05896761735116
45.99976707556646
46.03508547042603
46.08195500895269
46.030312531088455
45.93589518682184
46.03292146950533
0.0
0.0
0.0
0.0
0.0
0.0
0.0
0.0
0.0
0.0
0.0
0.0
0.0
0.0
0.0
0.0
0.0
49.36690166935836
49.24438136257176
49.12815354296697
49.05708785504394
48.952482731644466
48.911520840171946
48.846828330376866
48.81697877288707
48.853670568170756
48.89926069697708
48.98280560086501
49.05048887936357
49.06089590617893
49.033223366406226
48.97537098057893
48.84928752672332
48.77305375406441
48.734231820086954
48.64873454197554
48.55070470021724
48.47291445026724
48.441605676298195
48.465274957304985
48.45255423248489
49.15350516874367
0.0
0.0
0.0
0.0
0.0
0.0
0.0
0.0
0.0
0.0
0.0
0.0
0.0
49.54681882067007
49.34569582036163
49.22386125571393
49.11312330146778
49.092612081557874
49.065407331011066
49.00247224630006
48.96114409710585
48.993774464029656
49.00399332145671
49.06064672577381
49.03909470257781
49.03488266307566
49.07028306768914
49.12452484370753
49.1524506155521
49.141421217034136
49.08709392289777
49.033160307097795
48.97681980701445
48.950251876426236
49.05737036176206
49.153080343366774
49.210525263025644
49.30252243928885
49.39864170267772
49.50823967397922
49.66786826536837
50.04090301220296
50.76510210810938
50.905726211198
50.33373180885849
0.0
0.0
0.0
0.0
0.0
0.0
0.0
0.0
0.0
0.0
0.0
51.642257495841854
51.4302386253847
51.2488197630825
51.19041737635465
51.22941987549018
51.21515684911441
51.22676658526811
51.237204098145156
51.2992446802545
51.44272476725895
51.50443151882305
51.563231460512256
51.61993452029241
51.63663126574257
51.63072350214664
51.58538460668403
51.44697325077522
51.271944706289695
51.13599639056755
51.05780817273056
51.021396017242324
51.01271317690533
51.05514583003698
51.117392711465484
51.122807448768256
51.03042721556404
50.92626643336432
50.85382995899888
50.868049146072536
50.830630424071465
50.73242998467672
50.476502208317434
50.08070123571065
49.63077010841403
49.102022539719734
48.243441850272106
47.82300525789438
47.61034893359315
47.55649657256734
47.543345222486664
47.39251134542975
47.10675291897384
46.94300930202446
46.791851459677424
46.86370649006395
46.80443580429697
46.85200241525638
46.91222167475472
46.80320049001136
46.714892406718164
46.67877279712795
46.64593443972999
46.618840953464854
46.66150050083688
46.7754166449316
46.8015210729247
46.74382513282086
46.716519213475564
46.766136473629786
46.81167139400982
46.8308712510002
46.798634932914254
46.76433813618855
46.65218187812313
46.59897979898584
46.97786370377016
46.26263940078206
46.48484506527183
46.32507825523016
46.21892454428864
46.13337843062607
46.083543174300104
46.17333346169282
0.0
0.0
0.0
0.0
0.0
0.0
0.0
0.0
0.0
0.0
0.0
0.0
44.11134597409926
43.89359554345818
43.91068244627943
43.89485968984103
43.80223360132746
43.60985572318768
43.598501479735006
43.53457637328923
43.566361003861324
43.900220501101245
44.253060554256635
44.3172284962983
44.35396174167908
44.145543467328686
44.05305272007063
44.06895285799194
43.93971278909287
43.94361685943152
44.229248179951306
44.57806627449188
44.862773776969405
45.05792116875595
44.991264616607644
44.81395397945957
44.57770698760983
44.540453453615385
44.551255227865454
44.652588384618184
44.681812724273584
44.88839618986168
44.889259715290876
44.644128057157786
44.55543178997101
44.46332846348605
44.49312688157418
44.57951304261487
44.79842984487133
44.89886206013131
44.95034279596743
44.97386252281008
45.10322932614603
44.9101707501392
44.651378685317226
44.97111539458661
44.84593431501962
45.20519739139564
45.51195276792568
45.90742791756679
45.92223408211484
46.033274731731616
0.0
0.0
0.0
0.0
0.0
0.0
0.0
0.0
0.0
0.0
0.0
0.0
0.0
0.0
0.0
0.0
0.0
0.0
0.0
0.0
0.0
0.0
0.0
0.0
0.0
0.0
0.0
0.0
0.0
0.0
0.0
0.0
0.0
0.0
0.0
0.0
0.0
0.0
0.0
0.0
0.0
0.0
0.0
0.0
0.0
0.0
0.0
0.0
0.0
0.0
0.0
0.0
0.0
0.0
0.0
0.0
0.0
0.0
0.0
0.0
0.0
0.0
0.0
0.0
0.0
0.0
0.0
0.0
0.0
0.0
0.0
0.0
0.0
0.0
0.0
0.0
0.0
0.0
0.0
0.0
0.0
0.0
0.0
0.0
0.0
0.0
0.0
0.0
0.0
0.0
0.0
0.0
0.0
0.0
0.0
0.0
0.0
0.0
0.0
0.0
0.0
0.0
0.0
0.0
0.0
0.0
0.0
0.0
0.0
0.0
0.0
0.0
0.0
0.0
0.0
0.0
0.0
0.0
0.0
0.0
0.0
0.0
0.0
0.0
50.367261166072566
50.847314551647855
50.73966849639259
50.50837103842299
50.291231452285075
50.20038165351871
50.279331170747014
50.23434711347308
50.15844870314833
50.10474436356904
50.083219542069585
50.13643611921117
50.17066226342622
50.182047267143794
50.22726171585089
50.21140205651644
50.193879224359364
50.23194328085837
50.30798495284133
50.35332677729466
50.41883577135735
50.550651011330004
50.72378996980414
50.896496478810235
51.00201957491258
51.15449852829114
51.47787068480796
51.51613458807386
51.3408058442847
51.04390138678433
50.6547306835635
50.80274061430105
0.0
0.0
0.0
0.0
0.0
0.0
0.0
0.0
0.0
0.0
0.0
0.0
0.0
0.0
51.89160124042607
51.406668793678605
51.18265956516445
51.00293128542867
50.90595310507781
50.8482703088464
50.80070814850681
50.73839728620145
50.66974459041877
50.663415726817604
50.65549004412632
50.631954863583886
50.65705578486273
50.70487679266603
50.749190594681274
50.75056602805786
50.709276224488534
50.63970034480087
50.687019470861905
50.71551262253478
50.71540239609908
50.73024049755767
50.71952908710449
50.734693693705445
50.723653307680706
50.67692368385802
50.71533484759101
50.720461065669866
50.713830823528326
50.65805117921981
50.54824979550203
50.37528306233736
50.15882530395271
50.24683641700632
50.6226696670161
50.856483272239714
50.99879169505453
51.14674798943696
51.26204639145598
51.470323993106845
51.7295586283222
51.95981922402178
52.44116242171745
52.43215474794658
52.35039780886386
52.27718386335309
52.34207918689735
52.43854343224361
52.5659547133574
52.636739586293345
52.70362188383516
52.77489877641478
52.76245427136113
52.71953268457053
52.71335782946478
52.691295647144635
52.63108851897243
52.59389506846219
52.548795708010516
52.509301250683755
52.53128268261882
52.572993553286395
52.62462387675253
52.70706770356453
52.73317596623944
52.751382885264334
52.76321620172387
52.711020167255796
52.654243201673964
52.618926533685595
52.55555243371744
52.41505688349105
52.35727456082152
52.41063371290607
52.52528241514242
52.57951904997619
52.53315428030709
52.54195327243312
52.606925021290884
52.70488008149549
52.800717647772885
52.82579317369931
52.954248245540384
53.02254354898017
52.94695671612362
52.82524210968661
52.71657695872907
52.63095906075287
52.625231036449094
52.62571799624418
52.65202306603681
52.62971883206327
52.620684364137546
52.64016556947526
52.63616184980572
52.604895676019765
52.58481230053279
52.58801381137572
52.65905316777822
52.68959868236193
52.720982777757676
52.74377403313649
52.77031615987622
52.773610061009364
52.787979175449614
52.76288166603666
52.7213918260617
52.68782397679054
52.70165506167011
52.74223563584029
52.763884255921184
52.79956400810772
52.80475517949136
52.74399129963474
52.651768037531795
52.45263532415152
52.20764603181719
52.13282092083901
52.40954278707127
52.53316848141729
0.0
0.0
0.0
0.0
0.0
0.0
0.0
0.0
0.0
0.0
0.0
50.99049585766396
50.79741620995354
50.67368933686372
50.5726210650149
50.46709538096361
50.47974430928376
50.53136794714668
50.63727191251536
50.7133777532189
50.75897185309232
50.7830757550283
50.794205410082625
50.78126936458541
50.79345489084189
50.812853716725
50.81965530535308
50.81251848137499
50.778948061751194
50.7979986118808
50.815863417765115
50.82071461789934
50.81763073241977
50.80091996695279
50.7952771278526
50.7663165904269
50.6969859712552
50.60170573123966
50.507015889983094
50.8633958613351
51.12275982920876
0.0
0.0
0.0
0.0
0.0
0.0
0.0
0.0
0.0
0.0
0.0
0.0
0.0
51.5667127759711
51.277804251320944
51.022852656925025
50.865225705489095
50.68637389863001
50.60625371087495
50.54227073419649
50.54191590491745
50.57882197189578
50.59252298505439
50.58259199502619
50.57063593552988
50.548743537456296
50.507583937342325
50.47951038938233
50.499068530463425
50.52100382042385
50.55728285261515
50.63779061757742
50.69873331163925
50.66804441629621
50.636880547625694
50.623034372343
50.594782933621445
50.597885478253474
50.61235407435675
50.60803111383827
50.60073828224577
50.6107193072485
50.591693869631
50.54780367383829
50.420723611753004
50.25398003750218
50.033897608658876
49.993602854164564
50.309576209959815
50.85625356262924
50.611811973151724
50.163523315410444
49.567745204985286
49.11416725982891
49.05137259749405
49.14441631844535
49.173527749257055
48.99068215334277
0.0
47.351799641842575
47.1280380619791
46.827863681022734
46.560022430887074
46.31958876403806
46.21066562422051
46.265928813428665
46.418536872484154
46.62536095362872
46.768392593150864
46.83544482308233
46.88131237663881
46.96647092037975
47.08011433497394
47.14400195012577
47.15995255211387
47.23732255344578
47.35434716117583
47.44263165389657
47.435941700937974
47.46146390099268
47.51186960002863
47.63279348645832
47.68823811810937
47.685118761808475
47.54177416590261
47.42106454279546
47.320776010581824
47.325386133601725
47.29868402359268
47.31298718111157
47.37791145765516
47.793364826130286
0.0
0.0
0.0
0.0
0.0
0.0
0.0
0.0
0.0
0.0
0.0
0.0
0.0
0.0
0.0
0.0
0.0
0.0
0.0
0.0
0.0
0.0
0.0
0.0
0.0
0.0
0.0
0.0
0.0
0.0
0.0
0.0
0.0
0.0
0.0
0.0
0.0
0.0
0.0
0.0
0.0
0.0
0.0
0.0
0.0
0.0
0.0
0.0
0.0
0.0
0.0
0.0
0.0
0.0
0.0
0.0
0.0
0.0
45.19304971368685
44.9265491898993
44.868607703000016
44.920170045038944
44.96012637022648
45.10603469762283
45.35046171066884
45.465102186047254
45.55060141297121
45.65122846592111
45.76712104265369
45.812242739197345
45.824230918291136
45.78481761941367
45.826447884128754
45.89127609245302
46.029051662176165
46.08495311051929
46.08912989913438
46.07911865215688
46.08859919212995
46.120692124330446
46.136124172724124
46.17519125524154
46.197048231818776
46.166543276440294
46.07680078599314
45.893458077503524
45.6576719932487
0.0
0.0
0.0
0.0
0.0
0.0
0.0
0.0
0.0
0.0
0.0
44.41052569903438
44.241457242193
43.91508286381375
43.77694807566216
43.71268516996982
43.65492928433554
43.454931159444754
43.46800607728069
43.40571693412608
43.56217515886288
43.6234226852794
43.67367743631158
43.613108101942565
43.72888374600343
43.90015113387364
44.049344970516486
44.234475439329074
44.35936779884661
44.3443503291702
44.2855094703759
44.37051574971791
44.399842527832455
44.30370675748169
44.44632702129951
44.392807903444854
44.243541341929244
44.17906202348472
44.06511598832999
44.0409607451689
43.92116481470855
44.06710025817693
44.27129060196776
44.60188139790121
44.82820123427917
45.18256248252924
45.84038866870172
45.90647284392679
45.710360901590974
45.69382745766788
45.703152659210254
45.8071002133633
45.98438656701556
46.17492184287151
46.2815358143838
46.30315263875771
46.263222309113544
46.19319582806821
46.05613958520096
46.04545185209344
46.13410427096039
46.1944407233629
46.15925996059657
46.08140231989739
46.06409487451347
46.1277111601292
46.14427617606057
46.16217989385439
46.23235059941654
46.39315197606437
46.44262446150706
46.42338546877703
46.254398630719464
46.11160524191104
46.059618677165446
45.95603317106985
45.96095409630652
46.020322221913815
45.99812976513472
45.999548038030454
45.968408104702284
45.95677864657365
45.87438845389787
46.14614812903672
46.64601942041345
46.81564508795686
47.11954024518924
47.32455589687872
47.46957601176543
47.64277627997393
48.06684435616536
48.34797835281425
48.38461379321974
48.3155563150955
48.336885323572695
48.349908162907525
48.35397912660116
48.3457764372151
48.34662832598529
48.408483243538626
48.41462735021919
48.408982370367994
48.411972835941455
48.382525683646
48.35368722758443
48.3372224752529
48.365186298478726
48.37751336365771
48.4999358239799
48.60675360959182
48.59938829947845
48.461476000733015
48.41434677025139
48.46033848245968
48.57740726685681
48.60834853959244
48.565769858365485
48.47635312598952
48.45536663719666
48.42857601105303
48.29441917222121
48.22510557656321
48.4528487271181
0.0
0.0
0.0
0.0
0.0
0.0
0.0
0.0
0.0
0.0
0.0
0.0
0.0
0.0
50.84054099116886
50.67207883264332
50.61154464703906
50.51562155804619
50.436364278967176
50.42913655246507
50.43877799093997
50.442964605664116
50.47534314410258
50.54476490621131
50.63520747397841
50.660958910893584
50.72658501064455
50.83274970468969
50.92764101880778
50.96610244436844
51.01964459048456
51.06555157971743
51.08899739024215
51.08555705425566
51.095612695599655
51.08953904308872
51.061153958482926
51.0887669991913
51.11829192177466
51.15709430152616
51.196131361306854
51.19292075403344
51.15670006346051
51.139362701287965
51.10397518791845
51.083391854972085
51.07085386136401
51.03053711256905
51.02459322910365
51.017096233450715
51.00991252715498
50.98706491929493
50.944632836062965
50.89882338787893
50.87631211224901
50.87142216018876
50.85914312493711
50.89251248895745
50.93287304365491
50.925020696997834
50.9178821542803
50.89845249794601
50.861835011730676
50.85748515206586
50.86310748931407
50.87333758590765
50.88312496228169
50.87761383149425
50.85156973741719
50.84648736537969
50.79363476223009
50.69690828172547
50.6453387996783
50.62719939138671
50.653741948232614
50.68345150586964
50.70445217549749
50.79216670969759
50.85874907997936
50.88319232654831
50.851462649539855
50.85433039731705
50.86106684256745
50.82860002234035
50.7917537758591
50.759291997248795
50.79653020584038
50.93415356207794
51.281231520019944
51.74550446754724
51.87258552078809
51.49571653727857
51.376492820348915
51.61962446864744
0.0
0.0
0.0
0.0
0.0
0.0
0.0
0.0
0.0
0.0
0.0
0.0
0.0
0.0
0.0
0.0
0.0
0.0
0.0
0.0
0.0
0.0
0.0
0.0
0.0
0.0
0.0
0.0
0.0
0.0
0.0
0.0
0.0
0.0
0.0
0.0
0.0
0.0
0.0
0.0
0.0
0.0
0.0
0.0
0.0
0.0
0.0
0.0
0.0
0.0
0.0
0.0
0.0
0.0
0.0
0.0
0.0
0.0
0.0
0.0
0.0
0.0
0.0
0.0
0.0
0.0
0.0
0.0
0.0
0.0
0.0
0.0
0.0
0.0
0.0
0.0
0.0
0.0
0.0
0.0
0.0
0.0
0.0
0.0
0.0
0.0
0.0
0.0
0.0
0.0
0.0
0.0
0.0
0.0
0.0
50.78003601497437
50.67627201172354
50.492786965688126
50.37714215121204
50.29083109049361
50.26304008831448
50.258340640898105
50.29697000794377
50.33232648258071
50.35321303449993
50.401226808530645
50.492243753297906
50.5056302490196
50.48434423518298
50.52311687138552
50.55690795622467
50.52099700220704
50.508810037269825
50.534542227311434
50.53403552849278
50.50456771381061
50.525289571959654
50.53413994529358
50.493609499983584
50.42161858918647
50.486416387606965
51.065552575261
51.15529127298782
0.0
0.0
0.0
0.0
0.0
0.0
0.0
0.0
0.0
0.0
0.0
51.6789429627659
51.42820578382525
51.28996027107513
51.11357411254118
50.977730085935455
50.89020073514704
50.804270931529494
50.723112685704415
50.66214157366858
50.66580367102258
50.65477688159223
50.63656725635206
50.59484202804122
50.586989564354724
50.58228491770126
50.594267861345564
50.623947510259214
50.59575782368108
50.595729189604214
50.59863874050917
50.62788524148489
50.619651808417885
50.653064416040245
50.652536968407034
50.646428909984685
50.685086941433255
50.69135196955352
50.66688768621914
50.620687942906365
50.538833686726676
50.38441193161637
50.3398317302667
50.44426885270421
50.738594270662645
50.98627452813925
51.31124664972509
51.77172443439679
52.1505015774481
52.63657059274619
52.940599278087596
53.08831665058201
53.03967465708998
52.77310081574966
52.56262948695272
52.38383542527518
52.27935625029815
52.261397138395225
52.25284931982096
52.24485605130324
52.22280430334952
52.195980452506824
52.18133295315155
52.19755603952624
52.174757890056
52.20791991580055
52.24108802484346
52.19695088302052
52.1957941388023
52.23393154412811
52.26694554890065
52.336487034484264
52.365189922228055
52.401319112411294
52.41292923746714
52.44932195479384
52.46747584531852
52.470868373096096
52.50390064104697
52.514547264663456
52.51397336948345
52.46169600193791
52.30082759692199
52.13213250940838
52.04444988063321
52.02160384278769
52.02445766379185
51.94077290566949
51.893341812282834
52.00902626447106
52.22968927261954
52.43420565110631
52.64602196089299
52.7770798498352
52.758357909013625
52.689108287044654
52.62726590761402
52.591643305474776
52.570790298543905
52.556788751494906
52.5441753609166
52.53100359430623
52.53662668621183
52.5573699364071
52.57261512294101
52.607605715035476
52.61918050129805
52.636891505122115
52.64384632269895
52.65650287133265
52.65254753119966
52.660504777362235
52.6330741954043
52.60511437665703
52.619749856796105
52.65975394314295
52.665519023477906
52.68134213362495
52.68508580635081
52.681956431873274
52.64608855215514
52.53286406454224
52.3626986810894
52.165065822379994
51.968226112229594
51.83789989464495
52.060039117127445
0.0
0.0
0.0
0.0
0.0
0.0
0.0
0.0
0.0
0.0
0.0
51.98838139040083
51.290907908258205
51.106147840525274
50.99372069151789
50.915199921710645
50.91318365976127
50.88570899632156
50.79728631679458
50.7251053802305
50.69636550293704
50.696037115666094
50.67114225635525
50.68645654585531
50.70617399676027
50.70633970269342
50.71076920461844
50.72092613398336
50.72863901630788
50.77470756491641
50.7670906970575
50.741219610951674
50.70118205740556
50.6835005494158
50.68983936159556
50.6417036060445
50.63009559005913
50.62966883187855
50.653325979217875
50.58285572044699
50.57844038080633
50.93581736668706
51.758736925474096
51.14063712967945
0.0
0.0
0.0
0.0
0.0
0.0
0.0
0.0
0.0
0.0
51.821472319700376
51.53855449121929
51.278465457977404
51.07390797963163
50.92098626573734
50.82380587344052
50.73730793283255
50.62898369224366
50.58009019254072
50.539706982633895
50.52718317240098
50.5154803252551
50.517196434684074
50.53671822637723
50.54810570580639
50.53515462680533
50.55868341935447
50.60406393775085
50.62221767163477
50.65138688077393
50.69170119135832
50.71387836662897
50.77322913935832
50.82644158755306
50.86099084288558
50.89569641571898
50.90416241970574
50.86138217628941
50.830944992943685
50.81145459470447
50.75644572424224
50.63165857265902
50.44340246609427
50.16313347705576
49.82397550776528
49.59580640891884
49.27498055324641
48.74381161115619
48.386136956595806
48.00162979516941
47.738374626902356
47.49359491897347
47.28187509763862
47.024977046024276
46.86030493806632
46.73688064129216
46.90291063261685
47.150884492995615
47.019420669409186
46.83128147002174
46.87525733306248
46.95496490254831
46.97841485535343
46.99398519439127
46.99067782745811
47.00962631303867
47.05756676828071
47.16400850874921
47.34031501008846
47.48863080817916
47.512785894562754
47.48771901332036
47.49362648022067
47.55682419720131
47.62475822993433
47.664258186147705
47.66444137899863
47.580434397963714
47.49784074750479
47.444830591621994
47.43222963014436
47.53533838096093
47.61321045268093
47.707824144452104
47.99753274674958
48.51733928664943
49.49800788303226
48.58339587010356
48.780012302577774
0.0
0.0
0.0
0.0
0.0
0.0
0.0
0.0
0.0
0.0
0.0
0.0
0.0
0.0
0.0
0.0
0.0
0.0
0.0
0.0
0.0
0.0
0.0
0.0
0.0
0.0
0.0
0.0
0.0
0.0
0.0
0.0
0.0
0.0
0.0
0.0
0.0
0.0
0.0
0.0
0.0
0.0
0.0
0.0
0.0
0.0
0.0
0.0
0.0
0.0
0.0
0.0
0.0
45.57835738302124
45.94306650053029
46.11617446558162
45.69182803020655
45.33309948758784
45.128117500700384
45.011479438102235
44.97156930310872
45.09940600303251
45.51583051370663
45.77497983409298
45.73461836386244
45.77881042244922
45.76236068623239
45.8023376731209
45.78134178286389
46.01812871276652
46.24088471236979
46.038072205760145
46.064967737307
46.13193926716882
46.11697524257283
46.04100180735393
46.09567711334532
46.08961787233741
45.95993506508323
45.899838343532664
45.963471143524174
46.14676624666991
46.87411885282372
47.797000230515536
0.0
0.0
0.0
0.0
0.0
0.0
0.0
0.0
0.0
0.0
0.0
0.0
0.0
0.0
0.0
50.32603221831788
50.04522214120499
49.85843227412164
49.71620534834418
49.6268785035273
49.534564691161535
49.48829471605842
49.51067803430504
49.48277121120178
49.49479320033784
49.50464756797408
49.54773217499215
49.558674710250116
49.56222664099375
49.60547522184925
49.66692411232409
49.641806800614205
49.604620175101765
49.58010332411015
49.51944300077797
49.450502146922396
49.42767890745985
49.45738075703771
49.398140334923156
49.31772369625754
49.32547370521743
49.38681825259429
49.43841253169637
49.435091901091646
49.45988026827861
49.470747052561684
49.3974489361547
49.331843456011235
49.21609211948834
49.06860665641594
48.852728663453235
48.58867809542862
48.53390952985338
48.74675180916415
48.73409570921935
48.696877513241645
48.61281130003566
48.77983009161122
48.97100759160959
48.7225140352869
48.50327172074338
48.497431729758546
48.41059330807522
48.307398230300414
48.20118407658629
48.191034214736746
48.23620474942754
48.32646236269339
48.443635651965224
48.4955328644603
48.51485130032949
48.49256218562477
48.432482120209514
48.35065513054967
48.35649283213108
48.395738215097005
48.415404600976196
48.393855873297255
48.40002992654256
48.39907512515728
48.41172088560169
48.40097886287165
48.354241876270265
48.259003266170176
48.15877670282436
48.093362334555216
48.06910958659631
48.12109028093828
48.153510493534895
48.138527560824286
48.11620890356129
47.984594107148816
47.78304193827414
47.59666710320382
47.39388802885086
47.1843198188513
47.11565277652202
47.08494213691782
47.066280381447804
47.1654196448187
47.075177487733825
46.892225682804124
46.650106426548746
46.50977322758081
46.41128507926885
45.94238649833551
45.941808570645705
45.82574729183297
45.74348487463935
45.71240670553401
45.71680134701366
45.661778647427326
45.45865060535208
45.6192551471878
45.50859400142172
45.84366722374632
45.949861813410706
45.92812862681077
45.96330672396834
45.85812885403608
45.87134057653925
45.890473744616216
45.9777970632476
46.1401794121231
46.19694569495849
46.196946962513735
46.19578221301549
46.089019653605476
46.04303360278723
46.098540472284164
46.15903611891999
46.26959277876265
46.15993946727863
45.88082984644592
45.20442139491401
0.0
0.0
0.0
0.0
0.0
0.0
0.0
0.0
0.0
0.0
0.0
0.0
44.55491562417578
44.337259983512325
44.2300053227829
44.14469981955318
43.96862423020413
43.64249101577893
43.42161323124323
43.18337361036792
43.43978169493599
43.39958713133093
43.45823199272804
43.41717909948189
43.571822048580415
43.68314968731918
0.0
0.0
0.0
0.0
0.0
44.96839127190183
44.78678655747904
44.78603173931461
44.723698649401825
44.96515954726091
45.056064702393584
44.98262952658999
45.08338233798943
45.11777054261658
45.57414175382077
45.70357365796792
45.247957134840675
44.982782110759175
44.77973854139027
44.626542912071116
44.516686332852395
44.49957320251049
44.67873082959429
44.587991760014035
44.42899882539705
44.42381472316089
44.25569964719659
44.05579342387958
43.98794179741902
44.03011008461444
44.12379138370416
44.105547319748524
44.18698327071979
44.359470809127046
44.50504186856578
44.48489575351777
44.403774468700014
44.338954467937484
44.26600628919606
44.29212769243187
44.579982383888876
44.58323759265981
44.42017483587726
44.26532540038171
44.18518215960268
44.166281645635706
44.2420236607563
44.39330064401379
44.47810325370232
44.44079677429892
44.44597200712841
44.44129391312493
44.48260061839052
44.547678626491575
44.68073435243092
45.12787406705567
45.935751165766455
46.71592533824624
46.65454749392431
46.55441057043424
46.534715629176176
46.676935616477444
47.085802670042725
47.19102315361562
47.29353418252017
0.0
0.0
0.0
0.0
0.0
0.0
0.0
0.0
0.0
0.0
0.0
0.0
0.0
0.0
0.0
0.0
0.0
0.0
0.0
0.0
0.0
0.0
0.0
0.0
0.0
0.0
0.0
0.0
0.0
0.0
0.0
0.0
0.0
0.0
0.0
0.0
0.0
0.0
0.0
0.0
0.0
0.0
0.0
0.0
0.0
0.0
0.0
0.0
0.0
0.0
0.0
0.0
0.0
0.0
0.0
0.0
0.0
0.0
0.0
0.0
0.0
0.0
0.0
0.0
0.0
0.0
0.0
0.0
0.0
0.0
0.0
0.0
0.0
0.0
0.0
0.0
0.0
0.0
0.0
0.0
0.0
0.0
0.0
0.0
0.0
0.0
0.0
0.0
0.0
0.0
0.0
0.0
0.0
0.0
0.0
0.0
0.0
0.0
0.0
0.0
0.0
0.0
0.0
0.0
0.0
0.0
0.0
0.0
0.0
0.0
0.0
0.0
0.0
0.0
0.0
0.0
0.0
0.0
0.0
0.0
0.0
0.0
0.0
0.0
0.0
0.0
0.0
0.0
0.0
0.0
0.0
0.0
0.0
0.0
0.0
0.0
0.0
0.0
0.0
0.0
0.0
0.0
0.0
0.0
0.0
0.0
0.0
0.0
0.0
0.0
0.0
0.0
0.0
0.0
0.0
0.0
0.0
0.0
0.0
0.0
0.0
0.0
0.0
0.0
0.0
0.0
0.0
0.0
0.0
0.0
0.0
0.0
0.0
0.0
0.0
0.0
0.0
0.0
0.0
0.0
0.0
0.0
0.0
