0
0
0
0
0
0
0
0
0
0
0
150.97101531
151.6201606
151.93100026
152.13897466
152.73032002
153.92100964
154.36407918
154.72363613
155.43145983
157.63289092
159.6847518
160.16182652
160.37254928
160.44967226
161.79371834
166.43828529
171.00960068
171.01557849
172.51673882
172.32887319
0
0
145.97882078
139.67267742
133.03851453
129.61814709
126.64163322
123.08934381
121.61922734
120.72506044
120.27401527
121.2260941
122.64815839
123.37349864
123.95827139
124.00602733
123.78112752
124.5943555
125.68475159
126.78257218
127.49414787
127.55137078
127.30236317
127.05547813
127.4250905
127.10226811
126.70862149
125.4304491
123.3230276
122.48087459
119.98420734
0
0
0
0
0
0
0
0
0
0
0
0
137.89316242
136.31806598
136.99877649
136.38115745
134.44694189
131.73264961
130.06535779
129.58436496
130.07456093
130.1605732
129.74303238
129.63459621
129.32908671
129.31874904
129.15666183
129.71649566
129.82690767
129.23122704
128.5616393
128.8540176
129.05541778
128.13576313
127.51795836
126.33398289
124.89954419
124.02861082
124.06188103
124.7858595
125.38111846
125.75494453
126.49464048
126.93252978
126.88279661
127.27921607
128.47822731
128.22868341
127.49421016
126.62162574
126.68581831
126.59889253
126.35978428
125.98595563
125.24687136
124.46917373
125.04524842
125.44607616
124.58742864
125.07398056
124.74008664
125.64746348
126.15539812
126.0180746
125.97759222
126.14085949
126.90038216
127.33874935
127.8288694
129.66329799
133.48457029
139.89874587
0
0
0
0
0
0
0
0
0
0
0
0
0
155.06915652
151.75453955
148.71250985
145.02557392
143.30080656
142.46655707
142.48891845
142.88514583
143.7402945
144.50536405
145.67679711
146.96034817
148.2105398
149.28556616
150.47212636
151.00083157
152.24894062
153.62498235
154.18242197
154.576946
154.67083216
154.72536689
154.59545064
154.15683287
153.16333429
151.50038558
149.72486479
147.78947868
145.30153549
143.34224609
140.94730726
140.19552062
139.29244963
137.65844227
135.11516959
132.53929234
130.82105262
129.65544759
129.30756318
128.74565572
127.17138745
126.88328934
127.2279574
127.42881863
127.70310153
128.28498649
128.91309501
129.09355911
129.89988275
130.41980064
130.66728857
130.54849169
129.87869568
128.90993943
128.84772721
128.49258937
128.60843164
128.8189481
128.97401371
128.90891266
128.90762667
128.93087271
128.87610681
129.14067759
128.85808048
127.74755105
127.85091716
127.83673572
128.60045033
128.86042208
128.97702258
128.87580443
128.55278896
128.39066747
130.11060644
130.17038332
129.0618711
127.62630967
127.16866985
127.33463855
127.03526722
127.10307057
127.00348801
126.87545639
127.05449421
127.19671482
126.994421
126.38979516
126.29416704
126.36041928
126.70997994
126.75498033
126.96863307
127.42643788
127.43103524
127.31969776
127.61064017
127.93990688
128.46641943
128.09029118
127.52110125
126.8871371
127.09677289
126.99477677
126.80675755
127.71021181
128.93485038
129.1092028
129.17338638
129.86372011
130.19176472
130.26726955
129.39095751
128.91126814
128.79652922
129.64026942
130.61426735
130.13770804
129.19340071
129.13557779
128.79892722
127.85460139
127.89366308
128.72085031
129.11856013
128.87064341
128.53886398
128.75593694
129.01626158
129.60613312
129.94375078
130.03717759
129.61979657
129.48050645
129.85578915
129.81975938
129.85853784
129.53928415
129.12276687
129.01866274
128.61287464
128.5112125
130.38625407
135.87787207
0
0
0
0
0
0
0
0
0
0
0
0
156.5991628
157.79175802
157.64765908
157.117307
156.404997
156.32299006
156.67279174
157.09479951
157.16537871
157.43085347
157.68781352
157.84987349
157.91764802
157.76954802
157.61129617
157.68917896
157.89530516
157.77167869
157.13778842
156.85467194
157.08529947
156.80357962
156.25506568
155.99679464
157.68998975
163.22916724
158.64261861
0
0
0
0
0
0
0
0
0
0
0
0
0
162.4916598
161.19750862
160.975436
160.77793265
160.26132531
159.88159916
160.12746859
159.56673637
158.94028951
158.48378482
158.11491987
158.29310278
157.77976599
157.26768197
157.61772299
157.68672696
157.75404309
157.84281827
157.88479214
157.6151084
157.35216719
157.4051381
157.41960905
157.20345634
157.20095394
157.46851609
157.43415898
157.6650834
157.34116208
156.22051212
155.60598935
155.83037535
157.47029804
158.92518818
159.92861744
161.08531277
162.29824321
163.58384794
165.66098813
167.70356366
168.7916681
170.57321889
173.03270532
173.47699584
172.20809037
171.69713874
172.1669147
172.59803996
173.62812076
174.14741412
174.2531298
174.4611296
174.94876061
175.39380386
175.38912807
175.16055928
175.05036446
174.89663831
174.96942496
174.90391481
174.72621369
174.31840264
173.90048356
173.67897366
173.26012402
172.99885322
172.39413277
170.85655698
168.34878361
164.62153856
0
0
0
0
0
0
0
0
0
0
0
0
156.45178624
154.37878617
153.26271286
152.5682577
152.13464892
151.19273077
150.4400859
150.27418156
150.19058146
150.12851539
149.49807244
149.5115832
150.06328873
150.49506186
150.84751155
151.55391708
152.68732968
153.62671833
153.74468798
152.99186299
152.17568202
152.23826631
152.05432979
152.29662397
152.31146805
152.45386054
152.30835263
152.08521901
151.68702033
151.73674966
151.53706638
151.35067349
150.94200007
151.16960656
154.79637589
160.29710426
154.12654653
151.19052244
0
0
0
0
0
0
0
0
0
0
0
135.46238512
133.45188437
130.48606774
129.48584197
128.53160228
128.43768893
128.85992172
129.39968326
130.03349983
131.89476897
133.27663775
133.5854642
134.15707259
134.07734389
134.14258111
134.95491323
135.87601687
135.80384619
136.09844585
136.64826772
136.40819364
136.50293978
136.77364811
136.84585782
137.54049183
138.54526561
139.73820614
140.68663361
141.61661814
143.6392931
147.73529351
152.6189412
157.49077974
160.20895994
160.14863282
159.49468457
0
0
138.18991404
136.99109446
135.74304882
134.77669863
134.7662328
134.75849441
135.31912415
136.04824128
136.88225566
138.63937311
139.88839988
141.18545314
141.53317978
140.86691916
140.24137536
138.8490348
138.74818627
147.66907565
156.03770054
154.08143727
153.08290969
0
0
0
0
0
0
0
0
0
0
0
0
0
0
0
0
0
0
0
0
0
0
0
0
0
0
0
0
0
0
0
0
0
0
0
0
0
0
0
0
0
0
0
0
0
0
0
0
0
0
0
0
0
0
0
0
0
0
0
0
0
0
0
0
0
0
0
0
0
0
0
0
0
0
0
0
0
0
0
0
0
0
0
0
0
0
0
0
0
0
0
0
0
0
0
0
0
0
0
0
0
0
0
0
0
0
0
153.75285751
153.73003379
153.72032933
150.88048266
150.51199161
150.86026247
151.19265266
150.97359621
151.2533603
151.20590319
151.34737439
151.69785943
151.88619418
152.68451296
152.77575359
152.20092359
152.05228306
152.35092916
152.92049868
152.7884562
152.81981171
153.01415261
153.4796148
153.13688921
152.59809486
152.20362382
151.83472375
151.83711417
151.86229518
150.9002251
150.31733464
149.86354931
149.48943038
149.40526096
149.47450631
149.58478382
150.71787364
153.68520693
161.91385415
165.64466899
165.07702792
165.55898265
167.18096702
168.03448916
169.50618435
171.56791433
0
0
0
0
0
126.94408402
123.92366814
122.9265617
122.82383422
119.25213953
118.94255404
116.66167047
115.96008933
116.28821509
116.71418097
116.72528579
117.03845469
116.26312086
117.75593486
0
0
0
0
0
0
0
0
0
0
0
0
0
124.01107247
122.87956234
123.40935135
120.8387798
121.75765193
120.92955871
119.3605623
120.69022784
118.89667615
118.35219649
117.28723852
115.16345771
0
0
0
0
0
0
0
0
0
0
0
117.21146062
120.84148651
118.72202821
119.29384445
119.88786012
119.72261938
120.08511191
119.75090469
119.0119488
119.09824808
118.7014601
119.24349288
119.30012659
118.67199489
117.10400695
116.67295693
116.7944969
116.94763086
117.95289527
118.23233959
118.18619221
117.78999666
117.51518678
117.65019103
118.64603065
118.43259271
118.32533852
117.99395605
117.75967838
117.31724372
115.6703096
114.98459551
114.6135215
114.28527397
114.03543742
115.53415434
116.23152768
117.12333608
117.81216712
117.69043892
117.96622209
117.96232089
117.78715559
118.40923521
119.85823706
120.33616055
120.10376355
119.68332538
119.34276433
119.43107908
118.82905234
118.96878431
118.48107952
117.27248171
116.84352478
116.89817035
116.32774395
115.62204928
114.57454083
114.30435721
113.50934562
113.13910416
113.97240763
114.76209587
114.75971486
115.3191652
115.93707165
116.64034005
117.40356594
117.63678918
119.0853967
119.2110546
118.62359158
118.3489884
117.93581747
117.52079054
116.47718927
116.1193465
116.82059831
116.78409655
117.4801055
119.09833649
124.07173382
129.21863738
135.92430051
0
0
0
0
0
0
0
0
0
0
0
0
0
0
0
0
0
0
149.12878353
146.71653257
144.58973677
144.19893945
144.01172128
143.5385829
143.61578676
143.72396895
144.48586366
145.36905334
146.22264795
146.99562276
147.82338165
148.81809641
150.09630573
151.16032227
151.69857003
152.04005195
152.28647513
152.23576181
151.64213308
150.96639266
149.94885686
148.92937323
147.87822016
147.02462593
145.94956951
144.69392619
142.78882946
140.57242556
137.93109391
134.14792012
131.61523333
128.65272499
125.41754775
124.80292923
124.41053164
123.93909098
123.445902
122.69533739
121.64084063
120.63578402
119.32294117
118.21858285
117.6001911
116.30010143
115.0217416
113.7379708
114.18382943
115.08180635
115.68962209
116.27837398
116.10519845
116.37658647
116.45996099
116.55220411
117.24543033
117.10314404
116.82183516
117.05480107
116.73485623
115.5909116
116.21084013
116.67279024
116.19794095
116.27040156
116.52565425
116.9208238
117.62793412
117.73277308
117.230606
116.71634482
116.29293981
116.08855819
116.54810159
116.47049367
116.66710539
116.90050689
117.63592752
117.43103803
117.50265592
116.97776202
116.79019627
116.93646414
116.10049895
114.9621372
115.12821412
115.91019735
114.96753604
113.83973089
113.85536702
114.72187652
115.19167216
115.61587124
115.56500981
116.68235434
117.11100957
117.10405505
117.49736448
117.92278061
118.12175956
118.50606244
118.56475203
117.86358684
117.23175908
116.80616108
116.13538402
115.19375022
114.92410276
115.71453363
116.86236421
117.57063706
117.20888213
117.04194864
117.36964617
114.91490841
113.65370528
114.70900844
114.44081912
113.98935063
114.02733255
114.52786386
115.28057847
115.29533994
115.7194769
116.18199655
116.73147387
117.13248733
116.48941295
116.16709448
116.53708982
115.69250768
115.09710064
114.11567783
114.12036446
114.11278284
114.12000642
114.96313374
114.38807169
114.79595413
115.24268365
115.79734265
115.93769473
116.15792491
116.00358365
116.46352457
117.20433711
116.80423463
117.04276673
117.36006484
117.01050298
116.37409281
117.02813758
0
0
0
0
0
0
0
0
0
0
0
0
0
0
0
0
0
141.88156297
140.88100467
139.93835629
139.36509861
138.52556168
138.19819049
137.68273711
137.44555209
137.73716327
138.10035682
138.76840425
139.31198669
139.39575696
139.17312078
138.70882427
137.70229616
137.09726608
136.79017774
136.11630254
135.34773213
134.74093291
134.49747876
134.6814883
134.58256367
140.14342756
0
0
0
0
0
0
0
0
0
0
0
0
0
143.36374446
141.70787894
140.71411905
139.81691722
139.65136379
139.43208685
138.92613334
138.59488337
138.85635388
138.93834003
139.39375062
139.22032819
139.18646043
139.47136114
139.90902802
140.13489121
140.04564208
139.60685822
139.17261385
138.72043295
138.50771253
139.36737282
140.13998864
140.60576629
141.3549292
142.14192385
143.04462568
144.36966934
147.51420706
153.81581349
155.07031156
150.03055071
0
0
0
0
0
0
0
0
0
0
0
161.80992636
159.84037518
158.1741273
157.64143315
157.99697958
157.86686505
157.97276681
158.06803642
158.63550594
159.95569809
160.52684894
161.07299213
161.60141895
161.7573493
161.7021597
161.27923562
159.99495636
158.38554942
157.1466686
156.43854288
156.10985951
156.03158372
156.41448715
156.97789096
157.02699622
156.19131741
155.25440388
154.60616183
154.73319705
154.39911941
153.52580359
151.27292965
147.85370804
144.06063462
139.72729463
132.96674537
129.77649379
128.19213348
127.79399418
127.69695211
126.58922415
124.5168857
123.34473179
122.27246977
122.78101743
122.36138197
122.6980389
123.125575
122.35265124
121.73013471
121.47642774
121.24622747
121.05662781
121.35529273
122.15645011
122.34078276
121.93374261
121.74157399
122.09098646
122.41253287
122.54836701
122.32038903
122.07830479
121.28998903
120.91782822
123.59330808
118.59133534
120.12327757
119.01982022
118.29226177
117.70918159
117.37083148
117.98115552
0
0
0
0
0
0
0
0
0
0
0
0
104.73358551
103.42452161
103.52664975
103.43207394
102.88015984
101.74326517
101.67655905
101.30181482
101.48797095
103.46410691
105.59442751
105.98653797
106.21165847
104.94067281
104.38152483
104.47743578
103.70039491
103.72378281
105.44928679
107.59548293
109.37955799
110.61947651
110.19438458
109.07154846
107.59325
107.36197455
107.42898234
108.05963304
108.24219867
109.54156053
109.54702451
108.00683853
107.45490246
106.88474996
107.06888099
107.60447491
108.97378684
109.60780197
109.93422163
110.08367456
110.9093581
109.67942288
108.05208264
110.06620783
109.27321781
111.5645314
113.55894778
116.18289218
116.28229866
117.03052559
0
0
0
0
0
0
0
0
0
0
0
0
0
0
0
0
0
0
0
0
0
0
0
0
0
0
0
0
0
0
0
0
0
0
0
0
0
0
0
0
0
0
0
0
0
0
0
0
0
0
0
0
0
0
0
0
0
0
0
0
0
0
0
0
0
0
0
0
0
0
0
0
0
0
0
0
0
0
0
0
0
0
0
0
0
0
0
0
0
0
0
0
0
0
0
0
0
0
0
0
0
0
0
0
0
0
0
0
0
0
0
0
0
0
0
0
0
0
0
0
0
0
0
0
150.32140118
154.54798757
153.59000812
151.55165171
149.6626899
148.8793636
149.55984903
149.17174
148.51919298
148.05918778
147.87521686
148.33047132
148.6240077
148.7217785
149.11070118
148.97416493
148.82345575
149.15102882
149.8075916
150.20045889
150.76988626
151.9222215
153.44920307
154.98766092
155.93523485
157.31470501
160.28075524
160.6354011
159.01679445
156.31292822
152.83831025
154.15058598
0
0
0
0
0
0
0
0
0
0
0
0
0
0
164.15728314
159.62290907
157.57080847
155.943447
155.07234391
154.55651989
154.13248979
153.57873073
152.97091482
152.91500354
152.84501425
152.63737098
152.85883829
153.28165627
153.67450862
153.68671826
153.32061333
152.70567569
153.12363092
153.37585373
153.3748772
153.50638845
153.41144107
153.54587947
153.44799176
153.03436206
153.37427877
153.41969992
153.36095483
152.86762735
151.9011514
150.39107068
148.5224238
149.27939288
152.55552832
154.6298588
155.90616349
157.24429276
158.29501851
160.21090184
162.62794787
164.80540875
169.45186605
169.36372256
168.56579372
167.85443365
168.4848169
169.42623352
170.67773637
171.3770141
172.04037083
172.75014088
172.62600876
172.19855616
172.13714843
171.91792317
171.32108261
170.95341526
170.50865413
170.12011791
170.33625615
170.74714452
171.25712114
172.07461687
172.33431362
172.51564828
172.63360634
172.11390655
171.55037219
171.20077116
170.57521388
169.19653959
168.63276418
169.15331669
170.2772297
170.81151594
170.35467181
170.44127653
171.08213
172.05287455
173.00796513
173.25873475
174.54907073
175.23900783
174.47557046
173.25321989
172.16915931
171.31980151
171.26312739
171.26794473
171.52837397
171.30752887
171.21815513
171.41093169
171.37129511
171.062077
170.86374957
170.89534973
171.59804143
171.90107251
172.21298023
172.43984353
172.70441957
172.73728199
172.88071217
172.63027048
172.21704925
171.88345166
172.02082676
172.42452098
172.64026811
172.99643681
173.04831823
172.44200763
171.5258472
169.56419916
167.18157125
166.4605604
169.14265794
170.35481155
0
0
0
0
0
0
0
0
0
0
0
155.83147328
154.10318431
153.00577436
152.11513927
151.19075637
151.30126135
151.75309965
152.6842569
153.35694137
153.76135735
153.97558777
154.07460651
153.95952261
154.06792726
154.24066023
154.30126946
154.23767355
153.93888053
154.10836856
154.26747686
154.31071118
154.28322592
154.13437563
154.08414477
153.82660424
153.21180768
152.37090691
151.53978925
154.69161279
157.0265643
0
0
0
0
0
0
0
0
0
0
0
0
0
161.10538534
158.43916576
156.12299496
154.70796393
153.11792109
152.41094025
151.84869925
151.84558703
152.16963339
152.29010834
152.20277423
152.0976979
151.90548363
151.54476161
151.29921702
151.47023974
151.66227902
151.98042952
152.68883163
153.22727218
152.95589291
152.68080534
152.55874212
152.30998955
152.33728747
152.46465488
152.4265886
152.36239235
152.45025865
152.2828151
151.89723711
150.786328
149.341003
147.45452781
147.11172409
149.82136174
154.6278071
152.45988083
148.56273347
143.53714093
139.82534863
139.31909813
140.06987261
140.30560415
138.83155373
0
126.29188665
124.67007063
122.52707926
120.64603688
118.98208675
118.23584344
118.6138703
119.664072
121.10222753
122.10689822
122.5807461
122.90594382
123.51200142
124.32543828
124.78508321
124.90010604
125.45954207
126.31047193
126.95623888
126.90718906
127.09441616
127.46499679
128.35843572
128.77017638
128.74697652
127.68536442
126.79817969
126.06577485
126.09934952
125.90500703
126.00907056
126.4825136
129.55449375
0
0
0
0
0
0
0
0
0
0
0
0
0
0
0
0
0
0
0
0
0
0
0
0
0
0
0
0
0
0
0
0
0
0
0
0
0
0
0
0
0
0
0
0
0
0
0
0
0
0
0
0
0
0
0
0
0
0
111.48627655
109.78323483
109.41642301
109.74279003
109.99636537
110.92733182
112.50458502
113.25205049
113.81274374
114.47620051
115.24509984
115.54585853
115.62589763
115.36296296
115.64070528
116.07454804
117.00198134
117.38039068
117.40871338
117.3408388
117.40511429
117.6229571
117.72785178
117.9938168
118.14287907
117.93489044
117.32512965
116.08917858
114.51881565
0
0
0
0
0
0
0
0
0
0
0
106.55924734
105.52367829
103.5529673
102.73000798
102.34938404
102.00850408
100.8368474
100.91303187
100.55060301
101.46343576
101.82302839
102.11903257
101.76238094
102.44519374
103.46369235
104.35917204
105.48113078
106.24482995
106.15270857
105.79253116
106.31326631
106.4935116
105.9037899
106.77983619
106.45024826
105.53638224
105.14404607
104.4542834
104.30864398
103.5893526
104.46625621
105.70567794
107.74359479
109.16134624
111.41876238
115.73386261
116.17648287
114.86787663
114.75822912
114.82005969
115.51154143
116.70051031
117.99198061
118.72084841
118.86918021
118.59532839
118.11659242
117.18519293
117.11287125
117.71411679
118.12508625
117.88528557
117.35631823
117.23905372
117.67065528
117.78330031
117.90517001
118.38403529
119.48873845
119.83068293
119.69759052
118.53489864
117.56123549
117.20874486
116.50953973
116.54266155
116.94300004
116.79318842
116.80275682
116.59285101
116.51455678
115.96137621
117.7960367
121.24682263
122.44063339
124.60889095
126.0933024
127.15398324
128.43247223
131.61728969
133.77206275
134.0554437
133.52177284
133.68637462
133.78697518
133.81843863
133.75504968
133.76163153
134.24040059
134.28805063
134.24427089
134.26746172
134.03927572
133.81618237
133.68897814
133.90509426
134.00047389
134.95140289
135.78663212
135.72887575
134.65193753
134.28587425
134.64309043
135.55665365
135.79914228
135.46556267
134.76769858
134.6044285
134.39629095
133.35885168
132.8259889
134.58485303
0
0
0
0
0
0
0
0
0
0
0
0
0
0
154.48753154
152.99154145
152.45752666
151.61513581
150.92261601
150.8596205
150.94365933
150.9801662
151.26280224
151.87057752
152.6660509
152.89330472
153.47397912
154.41802125
155.26673144
155.61205842
156.09406724
156.50852985
156.7206303
156.68948962
156.78052705
156.72553371
156.46877914
156.71854469
156.98604467
157.33829419
157.69347172
157.66422987
157.33471131
157.17722807
156.85627606
156.66989419
156.55647134
156.1923089
156.13869226
156.07109206
156.00634424
155.80059385
155.41919835
155.00849383
154.80706692
154.76334711
154.65361782
154.9519986
155.31366225
155.24323271
155.17923316
155.00517305
154.6776667
154.63880762
154.68903611
154.78047097
154.86799946
154.81870734
154.58597846
154.54060342
154.069528
153.21112014
152.75541849
152.59544926
152.82958166
153.09207635
153.2778968
154.05646376
154.6500978
154.86860207
154.58502225
154.61063101
154.67080362
154.38101245
154.05278925
153.76420077
154.09529788
155.32515055
158.47053456
162.77780824
163.97707324
160.44606053
159.34492348
161.59852481
0
0
0
0
0
0
0
0
0
0
0
0
0
0
0
0
0
0
0
0
0
0
0
0
0
0
0
0
0
0
0
0
0
0
0
0
0
0
0
0
0
0
0
0
0
0
0
0
0
0
0
0
0
0
0
0
0
0
0
0
0
0
0
0
0
0
0
0
0
0
0
0
0
0
0
0
0
0
0
0
0
0
0
0
0
0
0
0
0
0
0
0
0
0
0
153.94855476
153.02860164
151.41529064
150.40722132
149.65922887
149.41917794
149.3786235
149.71230711
150.0183725
150.19947207
150.61661111
151.41053973
151.52766083
151.34146776
151.68079123
151.97713844
151.66221929
151.55549474
151.78092668
151.77648441
151.51836119
151.69982838
151.77739983
151.42248477
150.79412324
151.35958324
156.50853885
157.32190873
0
0
0
0
0
0
0
0
0
0
0
162.15317091
159.82160758
158.55045435
156.94327002
155.71660864
154.93130891
154.16421266
153.44320003
152.90374972
152.93609703
152.8387181
152.67804239
152.31050945
152.24144071
152.20007456
152.30545813
152.56678903
152.31856665
152.31831472
152.34391583
152.60149464
152.52893741
152.82360067
152.81894473
152.76503738
153.1065391
153.16195566
152.94567345
152.53806646
151.81855547
150.47039343
150.08342258
150.99154091
153.5804782
155.79348097
158.74551987
163.02452603
166.63064921
171.37534122
174.4115113
175.90604275
175.41249819
172.73220097
170.644957
168.89168178
167.87549768
167.70144082
167.61866012
167.54128689
167.32801554
167.06895719
166.92766448
167.08416274
166.86427897
167.18421611
167.50482554
167.07832238
167.06715922
167.43559762
167.75519586
168.4304025
168.70988226
169.0623312
169.17574701
169.53174976
169.70961566
169.74287523
170.06705697
170.1716758
170.16603479
169.6529664
168.08383168
166.45394136
165.61302553
165.39462028
165.4218867
164.62419638
164.17378824
165.27450317
167.39457369
169.38378739
171.46892612
172.77190596
172.58516766
171.89620325
171.28325863
170.93118132
170.72541577
170.58739552
170.46315456
170.33351022
170.38884396
170.59312233
170.7434122
171.08885681
171.20328265
171.37851797
171.44737901
171.57276503
171.53357038
171.61243023
171.34073378
171.06423798
171.20891315
171.60498758
171.66214226
171.81910952
171.85626822
171.82520633
171.46958567
170.35181609
168.6856067
166.77088852
164.88545784
163.64887073
165.76222219
0
0
0
0
0
0
0
0
0
0
0
165.07753167
158.55913327
156.87596234
155.86050329
155.15519282
155.1371239
154.89111673
154.10202809
153.46086275
153.20631672
153.20341067
152.98326502
153.11865206
153.29314201
153.29460927
153.33383595
153.42382135
153.49218897
153.90117925
153.83348262
153.60376977
153.24894696
153.09251004
153.14857423
152.72334673
152.62097924
152.6172171
152.82590962
152.20509281
152.16627937
155.34007881
162.90227286
157.18879892
0
0
0
0
0
0
0
0
0
0
163.49365896
160.84356262
158.44521711
156.58409234
155.20705937
154.33826704
153.56906732
152.61117736
152.18078103
151.82621393
151.71642201
151.61389895
151.62892863
151.80000532
151.89988714
151.78629581
151.99272522
152.39166358
152.55154541
152.80879305
153.16504525
153.36137599
153.88803708
154.36176603
154.67012463
154.98049857
155.05630498
154.67362088
154.4019249
154.22819555
153.73892291
152.6347587
150.98398481
148.55938818
145.67735313
143.76998588
141.13022901
136.86589159
134.0672386
131.1224278
129.1436351
127.33051739
125.78282246
123.93010969
122.75689562
121.88484119
123.05937256
124.83470154
123.89034084
122.55127085
122.86296461
123.42994093
123.59724283
123.70845348
123.68482235
123.82027042
124.16362241
124.92937122
126.20813513
127.29401209
127.47174334
127.28730803
127.33074952
127.79641262
128.29887395
128.59193575
128.59329647
127.97081754
127.36174886
126.97236533
126.87998084
127.63790678
128.21332383
128.9159408
131.09140072
135.08713281
142.96010965
135.60355288
137.15238224
0
0
0
0
0
0
0
0
0
0
0
0
0
0
0
0
0
0
0
0
0
0
0
0
0
0
0
0
0
0
0
0
0
0
0
0
0
0
0
0
0
0
0
0
0
0
0
0
0
0
0
0
0
113.99536011
116.42230859
117.59226737
114.74497629
112.39181283
111.06891576
110.32312863
110.06909367
110.88486716
113.5843864
115.29742626
115.0289384
115.32294019
115.21341537
115.47976914
115.33980361
116.92818406
118.44240705
117.06296076
117.24496489
117.69939691
117.59770669
117.08277188
117.45312363
117.41202276
116.53580187
116.13196981
116.55960696
117.80024255
122.85488526
129.58170165
0
0
0
0
0
0
0
0
0
0
0
0
0
0
0
149.96384009
147.55101389
145.96758362
144.77332128
144.02825517
143.26230374
142.87992373
143.06477425
142.83434514
142.93356623
143.01494869
143.37130816
143.46195688
143.49139364
143.85030277
144.36179615
144.15250318
143.84319826
143.63963905
143.13722404
142.56835928
142.38053211
142.62501638
142.13780746
141.47910168
141.54245012
142.04488127
142.46883519
142.44151127
142.6456097
142.73517504
142.13213105
141.59453759
140.65098594
139.45785632
137.72966967
135.64493364
135.2164913
136.88913784
136.78910229
136.49534795
135.83415298
137.15093873
138.67386861
136.69762321
134.97740904
134.93188464
134.25676309
133.45886827
132.642582
132.56483923
132.91117272
133.60591245
134.51325032
134.91708575
135.0677206
134.89393689
134.42661763
133.79274775
133.83787012
134.14161163
134.29407973
134.12702743
134.17486932
134.16746958
134.26550771
134.18222401
133.82046961
133.08631794
132.31806552
131.81904744
131.63451226
132.03034181
132.27782205
132.16339198
131.99311986
130.99346418
129.47726688
128.09086409
126.59929097
125.07602778
124.58091329
124.3601131
124.22613193
124.93955468
124.28999026
122.98344536
121.27544932
120.29636852
119.61395761
116.41773579
116.41384955
115.63602565
115.08786553
114.8814514
114.91061712
114.54598384
113.20985408
114.2649751
113.53691835
115.75578199
116.46801479
116.32189746
116.55849997
115.85251742
115.94096274
116.06916864
116.65609967
117.75543156
118.14217934
118.14218799
118.13423982
117.40796572
117.09651365
117.47255129
117.88376137
118.63897627
117.88991264
116.00452992
111.55953082
0
0
0
0
0
0
0
0
0
0
0
0
107.45169875
106.10924216
105.45389864
104.93555907
103.87371825
101.93524111
100.64297159
99.26748341
100.74864696
100.51500723
100.85607515
100.61719766
101.5199896
102.17492113
0
0
0
0
0
110.04889011
108.90052196
108.895774
108.50439971
110.02834901
110.60761501
110.13943527
110.78228369
111.00255373
113.96760513
114.8228519
111.84042517
110.140406
108.85619656
107.89718544
107.21468457
107.10875595
108.22293141
107.6571871
106.67301203
106.64107406
105.61052555
104.3980507
103.98968798
104.24328811
104.80890294
104.69851156
105.19216565
106.24546212
107.14259508
107.01798734
106.51770092
106.11962835
105.67341791
105.83298163
107.60739213
107.62762726
106.61865533
105.66926189
105.18122242
105.0664549
105.52713083
106.45327807
106.97600705
106.74573193
106.77764654
106.74879727
107.00380067
107.4067906
108.23545656
111.067354
116.3731247
121.73739789
121.30656363
120.60693535
120.46980797
121.46353738
124.36629474
125.12446657
125.86756008
0
0
0
0
0
0
0
0
0
0
0
0
0
0
0
0
0
0
0
0
0
0
0
0
0
0
0
0
0
0
0
0
0
0
0
0
0
0
0
0
0
0
0
0
0
0
0
0
0
0
0
0
0
0
0
0
0
0
0
0
0
0
0
0
0
0
0
0
0
0
0
0
0
0
0
0
0
0
0
0
0
0
0
0
0
0
0
0
0
0
0
0
0
0
0
0
0
0
0
0
0
0
0
0
0
0
0
0
0
0
0
0
0
0
0
0
0
0
0
0
0
0
0
0
0
0
0
0
0
0
0
0
0
0
0
0
0
0
0
0
0
0
0
0
0
0
0
0
0
0
0
0
0
0
0
0
0
0
0
0
0
0
0
0
0
0
0
0
0
0
0
0
0
0
0
0
0
0
0
0
0
0
0
